%YAML:1.0
---
calibration_time: "Sun Sep 22 15:25:22 2024"
# flags: +fix_aspectRatio +fix_principal_point +zero_tangent_dist +fix_k4 +fix_k5
flags: 6158
fisheye_model: 0
camera_matrix: !!opencv-matrix
   rows: 3
   cols: 3
   dt: d
   data: [ 2.3734370592474147e+03, 0., 7.1950000000000000e+02, 0.,
       2.3734370592474147e+03, 5.3950000000000000e+02, 0., 0., 1. ]
distortion_coefficients: !!opencv-matrix
   rows: 5
   cols: 1
   dt: d
   data: [ -9.0025459898230215e-02, 1.1317791899737006e-01, 0., 0.,
       3.4968299346120975e+00 ]
